0 0 0 0

1 0 0 0

2 -3.33333e-05 0 3.33333e-05

3 -3.33333e-05 0 3.33333e-05

4 -6.66776e-05 0 6.67102e-05

5 -6.66993e-05 0 6.67973e-05

6 -0.000100076 0 0.000100305

7 -0.000100142 0 0.000100567

8 -0.000133573 0 0.000134292

9 -0.000133704 0 0.000134816

10 -0.000167212 0 0.000168849

11 -0.000167431 0 0.000169725

12 -0.000201039 0 0.000204155

13 -0.000201368 0 0.000205473

14 -0.000235098 0 0.000240391

15 -0.000235561 0 0.000242244

16 -0.000269436 0 0.000277745

17 -0.000270057 0 0.000280229

18 -0.000304102 0 0.000316409

19 -0.000304906 0 0.000319622

20 -0.000339145 0 0.000356582

21 -0.000340157 0 0.000360626

22 -0.000374617 0 0.00039847

23 -0.000375863 0 0.000403451

24 -0.000410572 0 0.000442286

25 -0.000412079 0 0.000448315

26 -0.000447064 0 0.000488256

27 -0.000448862 0 0.000495448

28 -0.000484153 0 0.000536613

29 -0.000486273 0 0.000545091

30 -0.000521901 0 0.000587603

31 -0.000524374 0 0.000597495

32 -0.000560372 0 0.000641488

33 -0.000563232 0 0.000652928

34 -0.000599635 0 0.00069854

35 -0.000602918 0 0.000711671

36 -0.000639762 0 0.000759049

37 -0.000643506 0 0.000774023

38 -0.000680831 0 0.000823322

39 -0.000685075 0 0.0008403

40 -0.000722922 0 0.000891686

41 -0.000727709 0 0.000910838

42 -0.000766122 0 0.000964487

43 -0.000771498 0 0.000985994

44 -0.000810523 0 0.00104209

45 -0.000816537 0 0.00106615

46 -0.000856225 0 0.0011249

47 -0.000862927 0 0.00115171

48 -0.00090333 0 0.00121332

49 -0.000910777 0 0.00124311

50 -0.000951952 0 0.00130781

51 -0.000960201 0 0.0013408

52 -0.00100221 0 0.00140884

53 -0.00101132 0 0.0014453

54 -0.00105423 0 0.00151693

55 -0.00106428 0 0.00155711

56 -0.00110815 0 0.00163261

57 -0.0011192 0 0.00167681

58 -0.00116412 0 0.00175648

59 -0.00117625 0 0.00180501

60 -0.00122229 0 0.00188916

61 -0.00123558 0 0.00194234

62 -0.00128283 0 0.00203132

63 -0.00129738 0 0.00208951

64 -0.00134592 0 0.00218368

65 -0.00136181 0 0.00224725

66 -0.00141175 0 0.00234701

67 -0.00142909 0 0.00241637

68 -0.00148053 0 0.00252213

69 -0.00149943 0 0.00259771

70 -0.00155248 0 0.00270992

71 -0.00157305 0 0.0027922

72 -0.00162784 0 0.00291135

73 -0.0016502 0 0.00300081

74 -0.00170685 0 0.00312741

75 -0.00173115 0 0.0032246

76 -0.0017898 0 0.00335921

77 -0.00181617 0 0.0034647

78 -0.00187697 0 0.00360791

79 -0.00190558 0 0.00372231

80 -0.00196869 0 0.00387477

81 -0.00199968 0 0.00399875

82 -0.00206528 0 0.00416113

83 -0.00209885 0 0.0042954

84 -0.00216711 0 0.00446844

85 -0.00220344 0 0.00461376

86 -0.00227456 0 0.00479825

87 -0.00231386 0 0.00495544

88 -0.00238805 0 0.00515223

89 -0.00243053 0 0.00532216

90 -0.00250803 0 0.00553216

91 -0.00255394 0 0.00571578

92 -0.00263498 0 0.00593996

93 -0.00268456 0 0.00613828

94 -0.00276941 0 0.00637769

95 -0.00282293 0 0.00659178

96 -0.00291187 0 0.00684755

97 -0.00296963 0 0.00707859

98 -0.00306296 0 0.00735191

99 -0.00312527 0 0.00760116

100 -0.00322331 0 0.00789333

101 -0.00329051 0 0.00816211

102 -0.00339361 0 0.00847453

103 -0.00346605 0 0.00876429

104 -0.00357458 0 0.00909845

105 -0.00365265 0 0.00941073

106 -0.00376702 0 0.00976823

107 -0.00385113 0 0.0101047

108 -0.00397177 0 0.0104873

109 -0.00406237 0 0.0108497

110 -0.00418973 0 0.0112591

111 -0.0042873 0 0.0116495

112 -0.00442188 0 0.0120878

113 -0.00452693 0 0.012508

114 -0.00466926 0 0.0129774

115 -0.00478235 0 0.0134298

116 -0.004933 0 0.0139324

117 -0.00505471 0 0.0144193

118 -0.00521429 0 0.0149577

119 -0.00534526 0 0.0154816

120 -0.00551444 0 0.0160584

121 -0.00565534 0 0.0166221

122 -0.00583482 0 0.0172401

123 -0.00598639 0 0.0178464

124 -0.00617692 0 0.0185087

125 -0.00633994 0 0.0191609

126 -0.00654234 0 0.0198706

127 -0.00671766 0 0.020572

128 -0.00693279 0 0.0213327

129 -0.00712131 0 0.0220869

130 -0.00735012 0 0.0229024

131 -0.00755281 0 0.0237133

132 -0.0077963 0 0.0245875

133 -0.0080142 0 0.0254594

134 -0.00827344 0 0.0263966

135 -0.00850766 0 0.0273338

136 -0.00878382 0 0.0283388

137 -0.00903557 0 0.0293462

138 -0.00932988 0 0.0304239

139 -0.00960043 0 0.0315066

140 -0.00991422 0 0.0326623

141 -0.010205 0 0.0338259

142 -0.0105397 0 0.0350654

143 -0.0108521 0 0.0363157

144 -0.0112092 0 0.0376451

145 -0.0115449 0 0.0389887

146 -0.0119261 0 0.0404146

147 -0.0122867 0 0.0418582

148 -0.0126938 0 0.0433878

149 -0.0130811 0 0.0449387

150 -0.0135159 0 0.0465794

151 -0.013932 0 0.0482456

152 -0.0143966 0 0.0500057

153 -0.0148435 0 0.0517955

154 -0.0153399 0 0.0536838

155 -0.0158199 0 0.0556064

156 -0.0163506 0 0.0576321

157 -0.016866 0 0.0596971

158 -0.0174334 0 0.0618705

159 -0.0179869 0 0.0640884

160 -0.0185936 0 0.0664201

161 -0.0191879 0 0.068802

162 -0.0198368 0 0.0713036

163 -0.0204748 0 0.0738616

164 -0.021169 0 0.0765455

165 -0.0218537 0 0.0792923

166 -0.0225964 0 0.0821718

167 -0.0233314 0 0.0851213

168 -0.024126 0 0.0882106

169 -0.0249148 0 0.0913774

170 -0.025765 0 0.0946918

171 -0.0266113 0 0.0980917

172 -0.0275212 0 0.101648

173 -0.0284291 0 0.105297

174 -0.0294026 0 0.109112

175 -0.0303765 0 0.11303

176 -0.0314182 0 0.117122

177 -0.0324626 0 0.121327

178 -0.0335772 0 0.125717

179 -0.0346969 0 0.13023

180 -0.0358893 0 0.134938

181 -0.0370895 0 0.139781

182 -0.038365 0 0.144831

183 -0.0396511 0 0.150028

184 -0.0410152 0 0.155443

185 -0.0423928 0 0.161018

186 -0.0438514 0 0.166825

187 -0.0453264 0 0.172805

188 -0.0468855 0 0.179031

189 -0.0484642 0 0.185445

190 -0.0501301 0 0.192119

191 -0.0518188 0 0.198996

192 -0.053598 0 0.206149

193 -0.0554035 0 0.213521

194 -0.0573027 0 0.221186

195 -0.0592317 0 0.229088

196 -0.0612578 0 0.237299

197 -0.0633171 0 0.245766

198 -0.0654769 0 0.25456

199 -0.0676735 0 0.263628

200 -0.0699739 0 0.273044

201 -0.0723146 0 0.282754

202 -0.0747623 0 0.292831

203 -0.0772537 0 0.303224

204 -0.0798552 0 0.314005

205 -0.0825035 0 0.325123

206 -0.0852648 0 0.336652

207 -0.0880758 0 0.34854

208 -0.0910023 0 0.360862

209 -0.0939809 0 0.373567

210 -0.0970769 0 0.386727

211 -0.100227 0 0.400296

212 -0.103496 0 0.414345

213 -0.10682 0 0.428826

214 -0.110264 0 0.443811

215 -0.113763 0 0.459255

216 -0.117381 0 0.475226

217 -0.121054 0 0.491681

218 -0.124844 0 0.508688

219 -0.128687 0 0.526205

220 -0.132643 0 0.544298

221 -0.136649 0 0.562926

222 -0.140764 0 0.582155

223 -0.144923 0 0.601944

224 -0.149183 0 0.622356

225 -0.153479 0 0.643354

226 -0.157868 0 0.664997

227 -0.162283 0 0.68725

228 -0.166778 0 0.71017

229 -0.171287 0 0.733723

230 -0.175861 0 0.757964

231 -0.180434 0 0.782859

232 -0.185053 0 0.808463

233 -0.189651 0 0.834743

234 -0.194276 0 0.86175

235 -0.198857 0 0.889454

236 -0.203438 0 0.917902

237 -0.207951 0 0.947068

238 -0.212435 0 0.976995

239 -0.21682 0 1.00766

240 -0.221144 0 1.0391

241 -0.225335 0 1.0713

242 -0.229428 0 1.1043

243 -0.233351 0 1.13807

244 -0.237136 0 1.17266

245 -0.240708 0 1.20805

246 -0.244097 0 1.24427

247 -0.247228 0 1.28131

248 -0.250127 0 1.31921

249 -0.252717 0 1.35796

250 -0.255024 0 1.39759

251 -0.256969 0 1.4381

252 -0.258573 0 1.47952

253 -0.259758 0 1.52185

254 -0.260543 0 1.56512

255 -0.260847 0 1.60935

256 -0.260689 0 1.65455

257 -0.259985 0 1.70076

258 -0.258754 0 1.74798

259 -0.25691 0 1.79626

260 -0.254471 0 1.84561

261 -0.251351 0 1.89606

262 -0.247568 0 1.94764

263 -0.243036 0 2.00038

264 -0.237774 0 2.05431

265 -0.231698 0 2.10946

266 -0.22483 0 2.16585

267 -0.217089 0 2.22353

268 -0.208505 0 2.28249

269 -0.199002 0 2.34279

270 -0.188621 0 2.40441

271 -0.177298 0 2.46738

272 -0.16509 0 2.53167

273 -0.151951 0 2.5973

274 -0.137962 0 2.66419

275 -0.123101 0 2.73233

276 -0.107481 0 2.80159

277 -0.0911131 0 2.87193

278 -0.0741474 0 2.94316

279 -0.0566271 0 3.01519

280 -0.0387409 0 3.08777

281 -0.0205606 0 3.16076

282 -0.00230073 0 3.23389

283 0.0159521 0 3.30699

284 0.0339781 0 3.37977

285 0.0516964 0 3.45209

286 0.0689047 0 3.52368

287 0.0855469 0 3.59444

288 0.101455 0 3.66414

289 0.116607 0 3.73274

290 0.130875 0 3.80008

291 0.144272 0 3.86616

292 0.156708 0 3.93087

293 0.168225 0 3.99425

294 0.178759 0 4.05624

295 0.188374 0 4.11688

296 0.197028 0 4.17617

297 0.204796 0 4.23414

298 0.211649 0 4.2908

299 0.21767 0 4.34622

300 0.222839 0 4.40039

301 0.227242 0 4.45336

302 0.230861 0 4.50517

303 0.233785 0 4.55585

304 0.235999 0 4.60543

305 0.237589 0 4.65394

306 0.238542 0 4.70141

307 0.238942 0 4.74786

308 0.238775 0 4.79334

309 0.238125 0 4.83784

310 0.236975 0 4.88142

311 0.235409 0 4.92407

312 0.233406 0 4.96583

313 0.231049 0 5.00671

314 0.228315 0 5.04673

315 0.225286 0 5.0859

316 0.221936 0 5.12425

317 0.218344 0 5.16177

318 0.214484 0 5.19851

319 0.210432 0 5.23444

320 0.206158 0 5.26961

321 0.201738 0 5.30401

322 0.197139 0 5.33767

323 0.192436 0 5.37057

324 0.187593 0 5.40276

325 0.182681 0 5.43422

326 0.177664 0 5.46499

327 0.172612 0 5.49505

328 0.167483 0 5.52444

329 0.162347 0 5.55314

330 0.157161 0 5.58121

331 0.151992 0 5.60861

332 0.146794 0 5.6354

333 0.141634 0 5.66154

334 0.136462 0 5.68711

335 0.131344 0 5.71206

336 0.126229 0 5.73646

337 0.121181 0 5.76027

338 0.116146 0 5.78356

339 0.111189 0 5.8063

340 0.106251 0 5.82854

341 0.101399 0 5.85027

342 0.0965714 0 5.87154

343 0.091833 0 5.89231

344 0.087122 0 5.91267

345 0.0825024 0 5.93258

346 0.0779107 0 5.9521

347 0.0734105 0 5.9712

348 0.0689369 0 5.98995

349 0.0645532 0 6.00832

350 0.0601934 0 6.02638

351 0.0559207 0 6.0441

352 0.0516678 0 6.06154

353 0.0474979 0 6.07867

354 0.043343 0 6.09558

355 0.0392659 0 6.1122

356 0.0351981 0 6.12864

357 0.0312023 0 6.14484

358 0.0272094 0 6.16088

359 0.0232823 0 6.17672

360 0.0193511 0 6.19245

361 0.0154789 0 6.20801

362 0.0115954 0 6.2235

363 0.00776372 0 6.23886

364 0.00391345 0 6.25419

365 0.000107474 0 6.26942

366 -0.0037246 0 6.28465

367 -0.00751992 0 6.29984

368 -0.0113489 0 6.31505

369 -0.0151488 0 6.33026

370 -0.0189899 0 6.34553

371 -0.0228094 0 6.36083

372 -0.0266776 0 6.37625

373 -0.0305316 0 6.39172

374 -0.0344416 0 6.40734

375 -0.0383447 0 6.42306

376 -0.0423107 0 6.43896

377 -0.0462767 0 6.455

378 -0.0503123 0 6.47126

379 -0.0543544 0 6.48769

380 -0.0584722 0 6.50439

381 -0.0626025 0 6.52129

382 -0.0668139 0 6.53849

383 -0.0710433 0 6.55593

384 -0.0753583 0 6.57371

385 -0.0796959 0 6.59177

386 -0.0841229 0 6.6102

387 -0.0885758 0 6.62895

388 -0.0931207 0 6.6481

389 -0.0976939 0 6.66761

390 -0.10236 0 6.68756

391 -0.107055 0 6.7079

392 -0.111843 0 6.72871

393 -0.116659 0 6.74996

394 -0.121565 0 6.7717

395 -0.126496 0 6.79391

396 -0.131513 0 6.81666

397 -0.136549 0 6.8399

398 -0.141664 0 6.8637

399 -0.146791 0 6.88804

400 -0.151986 0 6.91297

401 -0.157182 0 6.93846

402 -0.162434 0 6.96457

403 -0.167673 0 6.99126

404 -0.17295 0 7.01861

405 -0.178198 0 7.04657

406 -0.183464 0 7.0752

407 -0.188679 0 7.10447

408 -0.193888 0 7.13443

409 -0.199021 0 7.16506

410 -0.204121 0 7.1964

411 -0.209116 0 7.22844

412 -0.214045 0 7.26121

413 -0.218836 0 7.29469

414 -0.223525 0 7.32893

415 -0.228038 0 7.36391

416 -0.232409 0 7.39966

417 -0.236563 0 7.43618

418 -0.24053 0 7.47349

419 -0.244234 0 7.5116

420 -0.247702 0 7.55052

421 -0.250857 0 7.59026

422 -0.253723 0 7.63086

423 -0.256223 0 7.6723

424 -0.258377 0 7.71462

425 -0.260106 0 7.75783

426 -0.261429 0 7.80196

427 -0.262265 0 7.84701

428 -0.262632 0 7.89302

429 -0.262446 0 7.94

430 -0.261724 0 7.98798

431 -0.260382 0 8.03699

432 -0.258434 0 8.08706

433 -0.255796 0 8.13821

434 -0.252482 0 8.19048

435 -0.248407 0 8.24389

436 -0.243586 0 8.29848

437 -0.237936 0 8.35429

438 -0.231474 0 8.41134

439 -0.22412 0 8.46967

440 -0.215898 0 8.52929

441 -0.206731 0 8.59026

442 -0.196655 0 8.65256

443 -0.185604 0 8.71625

444 -0.173629 0 8.78128

445 -0.160679 0 8.84768

446 -0.146832 0 8.91539

447 -0.132061 0 8.98442

448 -0.116473 0 9.05463

449 -0.100075 0 9.12599

450 -0.0830153 0 9.19833

451 -0.0653347 0 9.27154

452 -0.0472219 0 9.3454

453 -0.0287518 0 9.41976

454 -0.0101433 0 9.49433

455 0.0085095 0 9.56896

456 0.0269776 0 9.64333

457 0.0451695 0 9.71729

458 0.0628713 0 9.79056

459 0.0800157 0 9.86301

460 0.0964233 0 9.93442

461 0.112063 0 10.0047

462 0.126799 0 10.0738

463 0.140638 0 10.1415

464 0.153482 0 10.2079

465 0.165371 0 10.2729

466 0.176239 0 10.3364

467 0.186148 0 10.3987

468 0.195054 0 10.4595

469 0.203033 0 10.519

470 0.210056 0 10.5771

471 0.216207 0 10.634

472 0.221466 0 10.6897

473 0.22592 0 10.7441

474 0.229554 0 10.7974

475 0.232455 0 10.8495

476 0.234611 0 10.9005

477 0.23611 0 10.9504

478 0.236939 0 10.9993

479 0.237183 0 11.0472

480 0.23683 0 11.0942

481 0.235965 0 11.1401

482 0.234571 0 11.1852

483 0.232733 0 11.2293

484 0.230433 0 11.2726

485 0.227752 0 11.315

486 0.224672 0 11.3566

487 0.221271 0 11.3973

488 0.217527 0 11.4373

489 0.213519 0 11.4764

490 0.209222 0 11.5148

491 0.204711 0 11.5524

492 0.19996 0 11.5893

493 0.195043 0 11.6254

494 0.189929 0 11.6608

495 0.184692 0 11.6956

496 0.179297 0 11.7296

497 0.173817 0 11.763

498 0.168214 0 11.7957

499 0.16256 0 11.8277

500 0.156812 0 11.8591

501 0.151043 0 11.8899

502 0.145205 0 11.9201

503 0.13937 0 11.9496

504 0.133489 0 11.9787

505 0.12763 0 12.0071

506 0.121743 0 12.035

507 0.115894 0 12.0624

508 0.110029 0 12.0892

509 0.104216 0 12.1156

510 0.0983963 0 12.1415

511 0.0926369 0 12.167

512 0.086878 0 12.192

513 0.0811849 0 12.2166

514 0.0754959 0 12.2408

515 0.0698755 0 12.2646

516 0.0642602 0 12.2881

517 0.0587141 0 12.3113

518 0.0531717 0 12.3342

519 0.047697 0 12.3567

520 0.0422231 0 12.3791

521 0.0368134 0 12.4011

522 0.0314 0 12.423

523 0.0260461 0 12.4447

524 0.0206827 0 12.4662

525 0.015373 0 12.4876

526 0.0100473 0 12.5089

527 0.00476853 0 12.5301

528 -0.000533366 0 12.5512

529 -0.0057955 0 12.5723

530 -0.0110883 0 12.5933

531 -0.0163487 0 12.6144

532 -0.0216473 0 12.6355

533 -0.0269212 0 12.6566

534 -0.0322405 0 12.6779

535 -0.0375423 0 12.6992

536 -0.0428964 0 12.7206

537 -0.0482399 0 12.7422

538 -0.0536419 0 12.764

539 -0.0590391 0 12.786

540 -0.0645002 0 12.8082

541 -0.0699616 0 12.8307

542 -0.0754907 0 12.8534

543 -0.0810237 0 12.8764

544 -0.086627 0 12.8998

545 -0.0922363 0 12.9234

546 -0.0979163 0 12.9475

547 -0.103602 0 12.9718

548 -0.109358 0 12.9967

549 -0.115117 0 13.0219

550 -0.120941 0 13.0475

551 -0.126765 0 13.0736

552 -0.132646 0 13.1002

553 -0.138519 0 13.1273

554 -0.14444 0 13.1549

555 -0.150342 0 13.1831

556 -0.156277 0 13.2118

557 -0.162179 0 13.241

558 -0.168097 0 13.2708

559 -0.173963 0 13.3012

560 -0.179824 0 13.3323

561 -0.185611 0 13.3639

562 -0.191367 0 13.3962

563 -0.197022 0 13.4291

564 -0.202618 0 13.4627

565 -0.20808 0 13.497

566 -0.213449 0 13.532

567 -0.21865 0 13.5677

568 -0.223718 0 13.604

569 -0.228579 0 13.6411

570 -0.233264 0 13.679

571 -0.237697 0 13.7176

572 -0.241908 0 13.757

573 -0.245818 0 13.7971

574 -0.249453 0 13.8381

575 -0.252736 0 13.8799

576 -0.255688 0 13.9225

577 -0.25823 0 13.9659

578 -0.260383 0 14.0103

579 -0.262064 0 14.0555

580 -0.263292 0 14.1016

581 -0.263984 0 14.1487

582 -0.264156 0 14.1967

583 -0.263724 0 14.2457

584 -0.262703 0 14.2957

585 -0.261006 0 14.3468

586 -0.258649 0 14.3989

587 -0.255543 0 14.4522

588 -0.251704 0 14.5066

589 -0.247046 0 14.5621

590 -0.241583 0 14.6189

591 -0.235231 0 14.677

592 -0.228011 0 14.7363

593 -0.21984 0 14.7969

594 -0.210748 0 14.8589

595 -0.200661 0 14.9222

596 -0.189619 0 14.987

597 -0.177562 0 15.0531

598 -0.164553 0 15.1206

599 -0.150551 0 15.1895

600 -0.135647 0 15.2596

601 -0.119831 0 15.3311

602 -0.103232 0 15.4037

603 -0.0858753 0 15.4773

604 -0.0679347 0 15.5518

605 -0.0494743 0 15.627

606 -0.030706 0 15.7027

607 -0.0117242 0 15.7787

608 0.0072361 0 15.8546

609 0.0260711 0 15.9304

610 0.0445484 0 16.0057

611 0.0625794 0 16.0803

612 0.0799598 0 16.154

613 0.0966353 0 16.2267

614 0.112444 0 16.2982

615 0.127373 0 16.3684

616 0.141306 0 16.4373

617 0.154266 0 16.5048

618 0.166174 0 16.5708

619 0.177082 0 16.6355

620 0.186939 0 16.6987

621 0.195816 0 16.7606

622 0.203679 0 16.821

623 0.21061 0 16.8802

624 0.216588 0 16.9381

625 0.221698 0 16.9947

626 0.225926 0 17.0501

627 0.229361 0 17.1044

628 0.231989 0 17.1575

629 0.233901 0 17.2095

630 0.235085 0 17.2605

631 0.235627 0 17.3104

632 0.235518 0 17.3593

633 0.234842 0 17.4073

634 0.233586 0 17.4544

635 0.231835 0 17.5005

636 0.229573 0 17.5458

637 0.226884 0 17.5902

638 0.223749 0 17.6338

639 0.220249 0 17.6765

640 0.216365 0 17.7185

641 0.212175 0 17.7597

642 0.207656 0 17.8001

643 0.202887 0 17.8398

644 0.19784 0 17.8788

645 0.192592 0 17.9171

646 0.187113 0 17.9546

647 0.181479 0 17.9915

648 0.175656 0 18.0278

649 0.169719 0 18.0633

650 0.163629 0 18.0983

651 0.157461 0 18.1326

652 0.151173 0 18.1663

653 0.144838 0 18.1995

654 0.138411 0 18.2321

655 0.131963 0 18.2641

656 0.125446 0 18.2955

657 0.11893 0 18.3265

658 0.112363 0 18.357

659 0.105815 0 18.3869

660 0.0992305 0 18.4165

661 0.0926781 0 18.4456

662 0.0861 0 18.4743

663 0.0795634 0 18.5025

664 0.073008 0 18.5304

665 0.0665003 0 18.558

666 0.0599776 0 18.5852

667 0.0535058 0 18.6121

668 0.0470201 0 18.6388

669 0.0405857 0 18.6652

670 0.0341365 0 18.6914

671 0.0277369 0 18.7174

672 0.0213195 0 18.7432

673 0.0149485 0 18.7689

674 0.00855548 0 18.7945

675 0.00220432 0 18.82

676 -0.0041741 0 18.8454

677 -0.0105159 0 18.8708

678 -0.0168906 0 18.8962

679 -0.0232343 0 18.9216

680 -0.0296165 0 18.947

681 -0.0359733 0 18.9725

682 -0.0423738 0 18.9982

683 -0.048754 0 19.024

684 -0.0551822 0 19.0499

685 -0.0615941 0 19.076

686 -0.0680572 0 19.1024

687 -0.0745067 0 19.1289

688 -0.0810087 0 19.1558

689 -0.087498 0 19.1829

690 -0.0940392 0 19.2103

691 -0.100566 0 19.2381

692 -0.107142 0 19.2663

693 -0.113699 0 19.2948

694 -0.120299 0 19.3237

695 -0.126874 0 19.3531

696 -0.133482 0 19.3829

697 -0.140054 0 19.4131

698 -0.146645 0 19.4439

699 -0.153187 0 19.4752

700 -0.159731 0 19.507

701 -0.166207 0 19.5393

702 -0.172663 0 19.5722

703 -0.17903 0 19.6057

704 -0.185351 0 19.6398

705 -0.191555 0 19.6744

706 -0.197684 0 19.7097

707 -0.203663 0 19.7457

708 -0.209533 0 19.7823

709 -0.215217 0 19.8195

710 -0.220752 0 19.8575

711 -0.226061 0 19.8961

712 -0.231176 0 19.9354

713 -0.236021 0 19.9755

714 -0.240623 0 20.0163

715 -0.244905 0 20.0579

716 -0.248891 0 20.1002

717 -0.252503 0 20.1434

718 -0.255762 0 20.1873

719 -0.258589 0 20.2321

720 -0.261002 0 20.2777

721 -0.262919 0 20.3243

722 -0.264359 0 20.3717

723 -0.265236 0 20.42

724 -0.265566 0 20.4693

725 -0.265264 0 20.5195

726 -0.264344 0 20.5708

727 -0.26272 0 20.6231

728 -0.260403 0 20.6765

729 -0.257308 0 20.731

730 -0.253446 0 20.7867

731 -0.248731 0 20.8435

732 -0.243179 0 20.9016

733 -0.236702 0 20.9609

734 -0.229321 0 21.0215

735 -0.220954 0 21.0835

736 -0.21163 0 21.1468

737 -0.201274 0 21.2115

738 -0.18993 0 21.2776

739 -0.177538 0 21.3452

740 -0.164162 0 21.4141

741 -0.149766 0 21.4844

742 -0.134446 0 21.5561

743 -0.118197 0 21.629

744 -0.101155 0 21.7031

745 -0.0833564 0 21.7782

746 -0.0649828 0 21.8541

747 -0.0461095 0 21.9308

748 -0.0269596 0 22.0078

749 -0.00763756 0 22.0851

750 0.0116125 0 22.1623

751 0.0306796 0 22.2392

752 0.0493267 0 22.3156

753 0.0674626 0 22.3912

754 0.0848834 0 22.4658

755 0.101537 0 22.5393

756 0.117264 0 22.6116

757 0.132058 0 22.6825

758 0.145806 0 22.752

759 0.158538 0 22.8201

760 0.170179 0 22.8868

761 0.180787 0 22.952

762 0.190314 0 23.0158

763 0.198834 0 23.0782

764 0.206319 0 23.1393

765 0.212852 0 23.199

766 0.218415 0 23.2574

767 0.223095 0 23.3146

768 0.226879 0 23.3706

769 0.229859 0 23.4255

770 0.232021 0 23.4792

771 0.233457 0 23.5319

772 0.234156 0 23.5835

773 0.234206 0 23.6341

774 0.233595 0 23.6838

775 0.232412 0 23.7325

776 0.230641 0 23.7804

777 0.22837 0 23.8273

778 0.225581 0 23.8734

779 0.222359 0 23.9187

780 0.218686 0 23.9631

781 0.214643 0 24.0068

782 0.210209 0 24.0498

783 0.205464 0 24.092

784 0.200385 0 24.1334

785 0.19505 0 24.1742

786 0.189432 0 24.2143

787 0.183608 0 24.2537

788 0.177547 0 24.2924

789 0.171325 0 24.3306

790 0.164908 0 24.3681

791 0.158371 0 24.405

792 0.151675 0 24.4413

793 0.144895 0 24.4771

794 0.137987 0 24.5123

795 0.131025 0 24.5469

796 0.123963 0 24.5811

797 0.116872 0 24.6148

798 0.109703 0 24.648

799 0.102527 0 24.6807

800 0.0952894 0 24.713

801 0.0880611 0 24.7449

802 0.0807855 0 24.7765

803 0.0735313 0 24.8076

804 0.0662392 0 24.8384

805 0.0589771 0 24.8689

806 0.0516833 0 24.8992

807 0.0444247 0 24.9291

808 0.0371377 0 24.9589

809 0.0298885 0 24.9884

810 0.0226116 0 25.0178

811 0.0153729 0 25.047

812 0.00810565 0 25.0761

813 0.000875315 0 25.1051

814 -0.00638573 0 25.1341

815 -0.0136122 0 25.163

816 -0.020872 0 25.1919

817 -0.0280999 0 25.2209

818 -0.0353639 0 25.2499

819 -0.0425985 0 25.279

820 -0.0498713 0 25.3082

821 -0.0571165 0 25.3376

822 -0.0644006 0 25.3672

823 -0.0716575 0 25.3969

824 -0.0789524 0 25.4269

825 -0.0862186 0 25.4571

826 -0.0935194 0 25.4877

827 -0.100788 0 25.5185

828 -0.108084 0 25.5497

829 -0.115341 0 25.5813

830 -0.122617 0 25.6132

831 -0.129843 0 25.6455

832 -0.137075 0 25.6783

833 -0.144242 0 25.7115

834 -0.151398 0 25.7452

835 -0.158472 0 25.7794

836 -0.165512 0 25.8141

837 -0.172447 0 25.8493

838 -0.179322 0 25.8851

839 -0.186064 0 25.9214

840 -0.192717 0 25.9584

841 -0.199204 0 25.9959

842 -0.205565 0 26.034

843 -0.211724 0 26.0728

844 -0.217718 0 26.1122

845 -0.223467 0 26.1523

846 -0.229006 0 26.1931

847 -0.234255 0 26.2345

848 -0.239242 0 26.2767

849 -0.24389 0 26.3196

850 -0.248222 0 26.3633

851 -0.252159 0 26.4077

852 -0.255722 0 26.4529

853 -0.25883 0 26.499

854 -0.261502 0 26.5458

855 -0.263654 0 26.5936

856 -0.265304 0 26.6422

857 -0.266367 0 26.6917

858 -0.266857 0 26.7422

859 -0.266688 0 26.7936

860 -0.265874 0 26.846

861 -0.264327 0 26.8995

862 -0.262058 0 26.9541

863 -0.258981 0 27.0098

864 -0.255106 0 27.0666

865 -0.250347 0 27.1246

866 -0.244716 0 27.1838

867 -0.238129 0 27.2444

868 -0.230603 0 27.3062

869 -0.222057 0 27.3694

870 -0.21252 0 27.434

871 -0.201917 0 27.5

872 -0.190293 0 27.5674

873 -0.177588 0 27.6363

874 -0.163871 0 27.7066

875 -0.149108 0 27.7783

876 -0.1334 0 27.8513

877 -0.116746 0 27.9256

878 -0.0992931 0 28.0011

879 -0.0810827 0 28.0776

880 -0.0623079 0 28.1549

881 -0.0430538 0 28.2328

882 -0.023554 0 28.3112

883 -0.00392252 0 28.3897

884 0.015588 0 28.468

885 0.0348602 0 28.546

886 0.053653 0 28.6233

887 0.0718735 0 28.6999

888 0.0893184 0 28.7753

889 0.105937 0 28.8496

890 0.121577 0 28.9226

891 0.136232 0 28.9942

892 0.149796 0 29.0644

893 0.162304 0 29.1331

894 0.173687 0 29.2003

895 0.184004 0 29.2661

896 0.193214 0 29.3304

897 0.201394 0 29.3934

898 0.208517 0 29.4549

899 0.21467 0 29.5152

900 0.219836 0 29.5742

901 0.224105 0 29.632

902 0.227466 0 29.6886

903 0.23001 0 29.744

904 0.231726 0 29.7984

905 0.232706 0 29.8517

906 0.23294 0 29.904

907 0.232516 0 29.9553

908 0.231424 0 30.0057

909 0.229751 0 30.0552

910 0.227484 0 30.1038

911 0.224709 0 30.1515

912 0.22141 0 30.1984

913 0.217672 0 30.2446

914 0.213475 0 30.2899

915 0.208902 0 30.3346

916 0.203933 0 30.3785

917 0.198647 0 30.4216

918 0.19302 0 30.4642

919 0.187131 0 30.506

920 0.180953 0 30.5472

921 0.174563 0 30.5877

922 0.16793 0 30.6277

923 0.161131 0 30.6671

924 0.154129 0 30.7059

925 0.147002 0 30.7441

926 0.139708 0 30.7818

927 0.132323 0 30.819

928 0.124804 0 30.8557

929 0.117224 0 30.8919

930 0.109536 0 30.9277

931 0.101812 0 30.963

932 0.0940008 0 30.998

933 0.0861748 0 31.0325

934 0.0782793 0 31.0667

935 0.0703846 0 31.1005

936 0.0624334 0 31.134

937 0.0544951 0 31.1673

938 0.0465097 0 31.2002

939 0.0385458 0 31.233

940 0.030541 0 31.2655

941 0.0225634 0 31.2979

942 0.0145489 0 31.3301

943 0.00656493 0 31.3622

944 -0.00145383 0 31.3943

945 -0.00944015 0 31.4263

946 -0.0174601 0 31.4582

947 -0.0254466 0 31.4902

948 -0.0334658 0 31.5222

949 -0.0414505 0 31.5543

950 -0.0494665 0 31.5865

951 -0.0574464 0 31.6188

952 -0.065455 0 31.6513

953 -0.0734242 0 31.684

954 -0.0814176 0 31.7169

955 -0.0893665 0 31.75

956 -0.0973323 0 31.7834

957 -0.105246 0 31.8171

958 -0.113166 0 31.8512

959 -0.121022 0 31.8856

960 -0.128871 0 31.9204

961 -0.136641 0 31.9555

962 -0.144385 0 31.9911

963 -0.152031 0 32.0272

964 -0.159629 0 32.0637

965 -0.167106 0 32.1007

966 -0.174507 0 32.1382

967 -0.181757 0 32.1762

968 -0.1889 0 32.2148

969 -0.19586 0 32.254

970 -0.202676 0 32.2937

971 -0.20927 0 32.334

972 -0.215677 0 32.375

973 -0.221821 0 32.4165

974 -0.227731 0 32.4588

975 -0.23333 0 32.5017

976 -0.238646 0 32.5453

977 -0.243597 0 32.5896

978 -0.248208 0 32.6346

979 -0.252399 0 32.6804

980 -0.25619 0 32.727

981 -0.259499 0 32.7743

982 -0.262345 0 32.8225

983 -0.264643 0 32.8715

984 -0.266409 0 32.9214

985 -0.267557 0 32.9722

986 -0.268102 0 33.0239

987 -0.267957 0 33.0767

988 -0.267133 0 33.1304

989 -0.265542 0 33.1851

990 -0.263195 0 33.241

991 -0.260004 0 33.2979

992 -0.25598 0 33.3561

993 -0.251033 0 33.4154

994 -0.245179 0 33.476

995 -0.23833 0 33.5379

996 -0.230505 0 33.6011

997 -0.221622 0 33.6657

998 -0.211711 0 33.7317

999 -0.200699 0 33.7991

1000 -0.188633 0 33.868

1001 -0.175458 0 33.9383

1002 -0.161246 0 34.0101

1003 -0.14597 0 34.0834

1004 -0.129737 0 34.1579

1005 -0.112558 0 34.2337

1006 -0.0945901 0 34.3107

1007 -0.0758868 0 34.3886

1008 -0.0566551 0 34.4673

1009 -0.0369929 0 34.5466

1010 -0.0171464 0 34.6262

1011 0.00275989 0 34.7058

1012 0.0224658 0 34.7852

1013 0.0418494 0 34.8641

1014 0.060669 0 34.9422

1015 0.0788337 0 35.0194

1016 0.0961457 0 35.0955

1017 0.112561 0 35.1703

1018 0.127934 0 35.2437

1019 0.142268 0 35.3157

1020 0.155465 0 35.3862

1021 0.167566 0 35.4553

1022 0.17851 0 35.5228

1023 0.188362 0 35.5889

1024 0.197085 0 35.6535

1025 0.20476 0 35.7168

1026 0.211365 0 35.7787

1027 0.216988 0 35.8393

1028 0.221615 0 35.8986

1029 0.225337 0 35.9568

1030 0.228146 0 36.0137

1031 0.230133 0 36.0696

1032 0.231289 0 36.1244

1033 0.231705 0 36.1782

1034 0.231371 0 36.231

1035 0.230379 0 36.2829

1036 0.228716 0 36.3338

1037 0.22647 0 36.3839

1038 0.223629 0 36.4331

1039 0.220278 0 36.4816

1040 0.216401 0 36.5292

1041 0.212083 0 36.5761

1042 0.207305 0 36.6222

1043 0.20215 0 36.6676

1044 0.196596 0 36.7124

1045 0.190724 0 36.7565

1046 0.184508 0 36.7999

1047 0.178029 0 36.8427

1048 0.171258 0 36.885

1049 0.164273 0 36.9266

1050 0.157041 0 36.9677

1051 0.149641 0 37.0082

1052 0.142035 0 37.0482

1053 0.1343 0 37.0877

1054 0.126395 0 37.1267

1055 0.118395 0 37.1653

1056 0.110256 0 37.2034

1057 0.102053 0 37.2411

1058 0.093736 0 37.2784

1059 0.0853794 0 37.3154

1060 0.0769306 0 37.352

1061 0.0684623 0 37.3882

1062 0.0599189 0 37.4243

1063 0.0513719 0 37.46

1064 0.0427631 0 37.4955

1065 0.0341631 0 37.5307

1066 0.0255114 0 37.5658

1067 0.016878 0 37.6007

1068 0.00820046 0 37.6356

1069 -0.000451615 0 37.6703

1070 -0.00914178 0 37.705

1071 -0.0178008 0 37.7396

1072 -0.0264927 0 37.7743

1073 -0.0351482 0 37.809

1074 -0.0438314 0 37.8438

1075 -0.0524729 0 37.8786

1076 -0.0611357 0 37.9136

1077 -0.0697503 0 37.9488

1078 -0.0783782 0 37.9841

1079 -0.0869493 0 38.0197

1080 -0.0955234 0 38.0555

1081 -0.104029 0 38.0915

1082 -0.112524 0 38.1279

1083 -0.120937 0 38.1646

1084 -0.129321 0 38.2017

1085 -0.137604 0 38.2391

1086 -0.145837 0 38.277

1087 -0.153947 0 38.3153

1088 -0.16198 0 38.354

1089 -0.169862 0 38.3932

1090 -0.177637 0 38.4328

1091 -0.185228 0 38.473

1092 -0.192676 0 38.5137

1093 -0.199904 0 38.555

1094 -0.206949 0 38.5968

1095 -0.213731 0 38.6392

1096 -0.220284 0 38.6822

1097 -0.226528 0 38.7258

1098 -0.232492 0 38.7701

1099 -0.238097 0 38.8151

1100 -0.243367 0 38.8607

1101 -0.24822 0 38.9071

1102 -0.25268 0 38.9541

1103 -0.256663 0 39.002

1104 -0.260189 0 39.0506

1105 -0.263173 0 39.1

1106 -0.265632 0 39.1503

1107 -0.26748 0 39.2014

1108 -0.26873 0 39.2534

1109 -0.269297 0 39.3064

1110 -0.269191 0 39.3603

1111 -0.268325 0 39.4153

1112 -0.266709 0 39.4712

1113 -0.264253 0 39.5283

1114 -0.260968 0 39.5865

1115 -0.256764 0 39.6459

1116 -0.251653 0 39.7065

1117 -0.245546 0 39.7683

1118 -0.238459 0 39.8315

1119 -0.230307 0 39.896

1120 -0.221114 0 39.962

1121 -0.210804 0 40.0293

1122 -0.199415 0 40.0982

1123 -0.186884 0 40.1685

1124 -0.173274 0 40.2403

1125 -0.158547 0 40.3135

1126 -0.142799 0 40.3882

1127 -0.126028 0 40.4642

1128 -0.108374 0 40.5414

1129 -0.0898826 0 40.6198

1130 -0.0707469 0 40.6991

1131 -0.0510576 0 40.7792

1132 -0.0310568 0 40.8597

1133 -0.0108699 0 40.9404

1134 0.00923616 0 41.0211

1135 0.0291281 0 41.1014

1136 0.0485483 0 41.1811

1137 0.0673877 0 41.26

1138 0.0854283 0 41.3378

1139 0.102607 0 41.4144

1140 0.11876 0 41.4896

1141 0.133876 0 41.5635

1142 0.147842 0 41.6358

1143 0.160689 0 41.7066

1144 0.172347 0 41.776

1145 0.182876 0 41.8438

1146 0.192234 0 41.9101

1147 0.200499 0 41.9751

1148 0.207646 0 42.0386

1149 0.213764 0 42.1008

1150 0.218838 0 42.1618

1151 0.22296 0 42.2215

1152 0.22612 0 42.28

1153 0.228411 0 42.3374

1154 0.229826 0 42.3937

1155 0.230456 0 42.4489

1156 0.230293 0 42.5032

1157 0.229429 0 42.5565

1158 0.227852 0 42.6089

1159 0.225653 0 42.6604

1160 0.222819 0 42.7111

1161 0.219438 0 42.761

1162 0.215494 0 42.8101

1163 0.211074 0 42.8585

1164 0.206159 0 42.9061

1165 0.200834 0 42.953

1166 0.195077 0 42.9993

1167 0.188972 0 43.0449

1168 0.182494 0 43.0899

1169 0.175723 0 43.1343

1170 0.168632 0 43.1781

1171 0.161302 0 43.2214

1172 0.153699 0 43.2641

1173 0.145903 0 43.3063

1174 0.137879 0 43.348

1175 0.129704 0 43.3893

1176 0.121338 0 43.4301

1177 0.112859 0 43.4704

1178 0.104222 0 43.5104

1179 0.0955034 0 43.5499

1180 0.0866556 0 43.5892

1181 0.0777537 0 43.628

1182 0.0687464 0 43.6666

1183 0.0597077 0 43.7049

1184 0.0505832 0 43.7429

1185 0.0414463 0 43.7807

1186 0.0322396 0 43.8184

1187 0.0230358 0 43.8558

1188 0.0137755 0 43.8931

1189 0.00453076 0 43.9303

1190 -0.00475928 0 43.9675

1191 -0.014023 0 44.0046

1192 -0.0233219 0 44.0416

1193 -0.0325846 0 44.0787

1194 -0.0418728 0 44.1159

1195 -0.0511147 0 44.1531

1196 -0.0603716 0 44.1904

1197 -0.0695713 0 44.2279

1198 -0.0787737 0 44.2656

1199 -0.0879061 0 44.3034

1200 -0.0970265 0 44.3415

1201 -0.106061 0 44.3799

1202 -0.115066 0 44.4185

1203 -0.123967 0 44.4574

1204 -0.132815 0 44.4967

1205 -0.141537 0 44.5364

1206 -0.15018 0 44.5764

1207 -0.15867 0 44.6169

1208 -0.16705 0 44.6577

1209 -0.175244 0 44.6991

1210 -0.183295 0 44.7409

1211 -0.191122 0 44.7832

1212 -0.198765 0 44.826

1213 -0.206144 0 44.8694

1214 -0.213293 0 44.9133

1215 -0.220132 0 44.9578

1216 -0.226691 0 45.0029

1217 -0.232889 0 45.0487

1218 -0.238753 0 45.0951

1219 -0.2442 0 45.1421

1220 -0.249254 0 45.1899

1221 -0.253831 0 45.2383

1222 -0.257951 0 45.2875

1223 -0.261529 0 45.3375

1224 -0.264583 0 45.3883

1225 -0.267027 0 45.4399

1226 -0.268873 0 45.4924

1227 -0.270037 0 45.5458

1228 -0.270528 0 45.6001

1229 -0.270259 0 45.6554

1230 -0.269239 0 45.7117

1231 -0.267379 0 45.769

1232 -0.264688 0 45.8275

1233 -0.261076 0 45.8871

1234 -0.256552 0 45.9479

1235 -0.251028 0 46.01

1236 -0.244516 0 46.0733

1237 -0.23693 0 46.138

1238 -0.22829 0 46.2041

1239 -0.218515 0 46.2716

1240 -0.20764 0 46.3406

1241 -0.195597 0 46.4111

1242 -0.18244 0 46.483

1243 -0.168126 0 46.5565

1244 -0.15274 0 46.6314

1245 -0.136271 0 46.7078

1246 -0.118852 0 46.7854

1247 -0.100516 0 46.8643

1248 -0.0814486 0 46.9442

1249 -0.0617351 0 47.025

1250 -0.0416132 0 47.1063

1251 -0.0212088 0 47.1881

1252 -0.000792993 0 47.2698

1253 0.0194925 0 47.3514

1254 0.039378 0 47.4324

1255 0.0587402 0 47.5127

1256 0.0773451 0 47.592

1257 0.0951145 0 47.6702

1258 0.11187 0 47.7469

1259 0.127585 0 47.8223

1260 0.142139 0 47.8962

1261 0.155553 0 47.9686

1262 0.167749 0 48.0394

1263 0.178783 0 48.1087

1264 0.188609 0 48.1765

1265 0.197303 0 48.2429

1266 0.20484 0 48.3078

1267 0.211306 0 48.3714

1268 0.216686 0 48.4337

1269 0.221074 0 48.4947

1270 0.22446 0 48.5545

1271 0.226937 0 48.6132

1272 0.228498 0 48.6708

1273 0.229237 0 48.7273

1274 0.229147 0 48.7828

1275 0.228318 0 48.8374

1276 0.226743 0 48.8911

1277 0.224511 0 48.9439

1278 0.221612 0 48.9958

1279 0.218133 0 49.047

1280 0.21406 0 49.0974

1281 0.209481 0 49.147

1282 0.204379 0 49.196

1283 0.198837 0 49.2442

1284 0.192837 0 49.2919

1285 0.186462 0 49.3389

1286 0.179688 0 49.3852

1287 0.172597 0 49.4311

1288 0.165163 0 49.4763

1289 0.157467 0 49.521

1290 0.149476 0 49.5653

1291 0.141273 0 49.609

1292 0.132821 0 49.6523

1293 0.1242 0 49.6951

1294 0.115371 0 49.7375

1295 0.106412 0 49.7795

1296 0.0972806 0 49.8212

1297 0.088054 0 49.8625

1298 0.0786855 0 49.9035

1299 0.0692518 0 49.9441

1300 0.0597025 0 49.9845

1301 0.0501137 0 50.0247

1302 0.0404319 0 50.0647

1303 0.0307325 0 50.1044

1304 0.0209594 0 50.1441

1305 0.0111874 0 50.1835

1306 0.00135874 0 50.223

1307 -0.00845239 0 50.2623

1308 -0.0183049 0 50.3016

1309 -0.0281246 0 50.3409

1310 -0.0379709 0 50.3802

1311 -0.0477696 0 50.4196

1312 -0.0575796 0 50.4591

1313 -0.0673265 0 50.4987

1314 -0.077068 0 50.5384

1315 -0.0867293 0 50.5783

1316 -0.0963662 0 50.6185

1317 -0.105903 0 50.6588

1318 -0.115394 0 50.6995

1319 -0.124761 0 50.7404

1320 -0.134056 0 50.7817

1321 -0.143202 0 50.8232

1322 -0.152245 0 50.8652

1323 -0.161108 0 50.9076

1324 -0.169833 0 50.9503

1325 -0.178342 0 50.9935

1326 -0.186675 0 51.0372

1327 -0.194752 0 51.0813

1328 -0.202608 0 51.126

1329 -0.210163 0 51.1712

1330 -0.217448 0 51.2169

1331 -0.224383 0 51.2632

1332 -0.230995 0 51.3101

1333 -0.237202 0 51.3576

1334 -0.243029 0 51.4057

1335 -0.248391 0 51.4546

1336 -0.253311 0 51.5041

1337 -0.257703 0 51.5543

1338 -0.261586 0 51.6053

1339 -0.264873 0 51.6571

1340 -0.26758 0 51.7097

1341 -0.269619 0 51.7631

1342 -0.271003 0 51.8174

1343 -0.271643 0 51.8727

1344 -0.27155 0 51.9289

1345 -0.270632 0 51.9861

1346 -0.268901 0 52.0444

1347 -0.266263 0 52.1038

1348 -0.26273 0 52.1643

1349 -0.258208 0 52.226

1350 -0.252709 0 52.289

1351 -0.246143 0 52.3533

1352 -0.238527 0 52.4189

1353 -0.229775 0 52.486

1354 -0.219914 0 52.5544

1355 -0.208867 0 52.6244

1356 -0.19668 0 52.6959

1357 -0.183294 0 52.7689

1358 -0.16878 0 52.8433

1359 -0.153112 0 52.9193

1360 -0.1364 0 52.9968

1361 -0.118659 0 53.0755

1362 -0.100053 0 53.1555

1363 -0.0806471 0 53.2365

1364 -0.0606629 0 53.3184

1365 -0.0402163 0 53.4008

1366 -0.0195738 0 53.4836

1367 0.00111824 0 53.5664

1368 0.021578 0 53.6488

1369 0.0416632 0 53.7308

1370 0.0611151 0 53.8119

1371 0.079829 0 53.892

1372 0.0975977 0 53.9709

1373 0.114371 0 54.0484

1374 0.130002 0 54.1244

1375 0.144493 0 54.1989

1376 0.15775 0 54.2719

1377 0.169815 0 54.3433

1378 0.180633 0 54.4132

1379 0.190273 0 54.4815

1380 0.198703 0 54.5484

1381 0.206008 0 54.6139

1382 0.212171 0 54.6781

1383 0.217283 0 54.7409

1384 0.221334 0 54.8025

1385 0.224419 0 54.8629

1386 0.226532 0 54.9222

1387 0.227765 0 54.9804

1388 0.228114 0 55.0376

1389 0.227671 0 55.0938

1390 0.226429 0 55.1491

1391 0.224479 0 55.2034

1392 0.221812 0 55.257

1393 0.218517 0 55.3097

1394 0.214581 0 55.3616

1395 0.210094 0 55.4128

1396 0.205038 0 55.4634

1397 0.199502 0 55.5132

1398 0.193465 0 55.5624

1399 0.187014 0 55.6109

1400 0.180126 0 55.6589

1401 0.172884 0 55.7063

1402 0.165264 0 55.7532

1403 0.157347 0 55.7995

1404 0.149104 0 55.8454

1405 0.140617 0 55.8908

1406 0.131853 0 55.9358

1407 0.122893 0 55.9803

1408 0.113699 0 56.0244

1409 0.104351 0 56.0682

1410 0.0948091 0 56.1116

1411 0.0851516 0 56.1547

1412 0.0753339 0 56.1975

1413 0.0654348 0 56.24

1414 0.0554058 0 56.2823

1415 0.0453252 0 56.3243

1416 0.0351416 0 56.3662

1417 0.0249324 0 56.4079

1418 0.0146439 0 56.4495

1419 0.00435332 0 56.4909

1420 -0.00599498 0 56.5324

1421 -0.0163241 0 56.5737

1422 -0.0266906 0 56.6151

1423 -0.0370176 0 56.6564

1424 -0.0473618 0 56.6978

1425 -0.0576463 0 56.7393

1426 -0.0679269 0 56.7809

1427 -0.0781266 0 56.8226

1428 -0.0882996 0 56.8646

1429 -0.0983685 0 56.9066

1430 -0.108385 0 56.949

1431 -0.118272 0 56.9915

1432 -0.128078 0 57.0344

1433 -0.137725 0 57.0776

1434 -0.147258 0 57.1211

1435 -0.156598 0 57.1649

1436 -0.165788 0 57.2091

1437 -0.174748 0 57.2537

1438 -0.183516 0 57.2988

1439 -0.192011 0 57.3443

1440 -0.20027 0 57.3903

1441 -0.208209 0 57.4368

1442 -0.21586 0 57.4838

1443 -0.223141 0 57.5313

1444 -0.230079 0 57.5794

1445 -0.236591 0 57.6281

1446 -0.242701 0 57.6774

1447 -0.248325 0 57.7274

1448 -0.253483 0 57.778

1449 -0.25809 0 57.8294

1450 -0.262163 0 57.8815

1451 -0.265616 0 57.9343

1452 -0.268463 0 57.988

1453 -0.270616 0 58.0425

1454 -0.272087 0 58.0978

1455 -0.272786 0 58.1541

1456 -0.272723 0 58.2114

1457 -0.271808 0 58.2696

1458 -0.270048 0 58.329

1459 -0.267352 0 58.3894

1460 -0.263728 0 58.451

1461 -0.259084 0 58.5138

1462 -0.253431 0 58.5778

1463 -0.246679 0 58.6432

1464 -0.238843 0 58.7099

1465 -0.229838 0 58.7781

1466 -0.219692 0 58.8477

1467 -0.20833 0 58.9189

1468 -0.195798 0 58.9915

1469 -0.18204 0 59.0657

1470 -0.167133 0 59.1414

1471 -0.151054 0 59.2187

1472 -0.133921 0 59.2973

1473 -0.115756 0 59.3774

1474 -0.0967341 0 59.4586

1475 -0.0769312 0 59.5408

1476 -0.0565807 0 59.6238

1477 -0.03581 0 59.7073

1478 -0.0148966 0 59.7911

1479 0.00600461 0 59.8748

1480 0.0266056 0 59.9581

1481 0.0467612 0 60.0409

1482 0.0662129 0 60.1226

1483 0.0848586 0 60.2033

1484 0.102496 0 60.2827

1485 0.119082 0 60.3606

1486 0.134476 0 60.4371

1487 0.148686 0 60.5119

1488 0.161626 0 60.5852

1489 0.173344 0 60.657

1490 0.183789 0 60.7272

1491 0.193034 0 60.7958

1492 0.201052 0 60.8631

1493 0.20793 0 60.9289

1494 0.213653 0 60.9934

1495 0.218314 0 61.0566

1496 0.221906 0 61.1186

1497 0.224524 0 61.1794

1498 0.226162 0 61.2391

1499 0.226915 0 61.2978

1500 0.226777 0 61.3555

1501 0.225842 0 61.4122

1502 0.224102 0 61.468

1503 0.22165 0 61.523

1504 0.218475 0 61.5771

1505 0.214669 0 61.6305

1506 0.210217 0 61.6831

1507 0.205209 0 61.735

1508 0.199629 0 61.7863

1509 0.193563 0 61.8369

1510 0.186993 0 61.8869

1511 0.180004 0 61.9363

1512 0.172574 0 61.9852

1513 0.164788 0 62.0336

1514 0.156618 0 62.0814

1515 0.148149 0 62.1288

1516 0.13935 0 62.1757

1517 0.130306 0 62.2222

1518 0.120981 0 62.2683

1519 0.111459 0 62.3141

1520 0.1017 0 62.3595

1521 0.0917887 0 62.4045

1522 0.0816816 0 62.4493

1523 0.0714607 0 62.4938

1524 0.0610809 0 62.538

1525 0.050623 0 62.582

1526 0.0400389 0 62.6258

1527 0.0294089 0 62.6695

1528 0.0186825 0 62.713

1529 0.0079396 0 62.7564

1530 -0.00287229 0 62.7998

1531 -0.0136735 0 62.843

1532 -0.0245176 0 62.8863

1533 -0.035325 0 62.9295

1534 -0.0461496 0 62.9729

1535 -0.0569118 0 63.0162

1536 -0.0676647 0 63.0597

1537 -0.0783287 0 63.1032

1538 -0.0889556 0 63.147

1539 -0.0994653 0 63.1909

1540 -0.109908 0 63.2351

1541 -0.120202 0 63.2794

1542 -0.130395 0 63.324

1543 -0.140407 0 63.369

1544 -0.15028 0 63.4142

1545 -0.159934 0 63.4598

1546 -0.169408 0 63.5057

1547 -0.178622 0 63.552

1548 -0.187611 0 63.5988

1549 -0.196292 0 63.6459

1550 -0.2047 0 63.6936

1551 -0.21275 0 63.7417

1552 -0.220473 0 63.7903

1553 -0.227783 0 63.8395

1554 -0.234708 0 63.8892

1555 -0.241161 0 63.9395

1556 -0.247166 0 63.9905

1557 -0.252636 0 64.0421

1558 -0.25759 0 64.0944

1559 -0.261943 0 64.1474

1560 -0.265709 0 64.2011

1561 -0.2688 0 64.2556

1562 -0.27123 0 64.311

1563 -0.272909 0 64.3672

1564 -0.273846 0 64.4243

1565 -0.273953 0 64.4824

1566 -0.273236 0 64.5414

1567 -0.271604 0 64.6015

1568 -0.269064 0 64.6627

1569 -0.265524 0 64.7251

1570 -0.260991 0 64.7887

1571 -0.255375 0 64.8535

1572 -0.248687 0 64.9197

1573 -0.240837 0 64.9872

1574 -0.231846 0 65.0562

1575 -0.221633 0 65.1266

1576 -0.210231 0 65.1986

1577 -0.197576 0 65.2721

1578 -0.183726 0 65.3472

1579 -0.168641 0 65.4238

1580 -0.152417 0 65.5019

1581 -0.135055 0 65.5815

1582 -0.116703 0 65.6625

1583 -0.0974133 0 65.7446

1584 -0.0773958 0 65.8278

1585 -0.0567605 0 65.9118

1586 -0.0357728 0 65.9963

1587 -0.0145854 0 66.081

1588 0.00650651 0 66.1657

1589 0.0273415 0 66.2499

1590 0.0476363 0 66.3335

1591 0.0672601 0 66.4161

1592 0.0859783 0 66.4976

1593 0.103716 0 66.5777

1594 0.120304 0 66.6564

1595 0.135726 0 66.7335

1596 0.149873 0 66.809

1597 0.162777 0 66.883

1598 0.174372 0 66.9553

1599 0.184724 0 67.0261

1600 0.193796 0 67.0954

1601 0.201673 0 67.1633

1602 0.208334 0 67.2297

1603 0.213873 0 67.2948

1604 0.21828 0 67.3586

1605 0.221651 0 67.4212

1606 0.223981 0 67.4827

1607 0.225364 0 67.5431

1608 0.225798 0 67.6024

1609 0.225375 0 67.6608

1610 0.224092 0 67.7182

1611 0.22204 0 67.7747

1612 0.219212 0 67.8304

1613 0.215699 0 67.8854

1614 0.21149 0 67.9395

1615 0.206676 0 67.993

1616 0.201241 0 68.0458

1617 0.195274 0 68.0979

1618 0.188758 0 68.1494

1619 0.18178 0 68.2004

1620 0.174319 0 68.2508

1621 0.166461 0 68.3007

1622 0.158181 0 68.3501

1623 0.149566 0 68.399

1624 0.140585 0 68.4475

1625 0.131325 0 68.4956

1626 0.121754 0 68.5433

1627 0.111955 0 68.5906

1628 0.101893 0 68.6377

1629 0.0916515 0 68.6844

1630 0.0811918 0 68.7308

1631 0.0705972 0 68.7769

1632 0.059825 0 68.8229

1633 0.0489584 0 68.8686

1634 0.0379519 0 68.9141

1635 0.0268884 0 68.9595

1636 0.0157198 0 69.0048

1637 0.00452889 0 69.05

1638 -0.00673412 0 69.0951

1639 -0.0179867 0 69.1401

1640 -0.0292797 0 69.1852

1641 -0.0405305 0 69.2302

1642 -0.05179 0 69.2753

1643 -0.0629759 0 69.3205

1644 -0.0741382 0 69.3658

1645 -0.0851944 0 69.4112

1646 -0.0961932 0 69.4568

1647 -0.107052 0 69.5025

1648 -0.117817 0 69.5485

1649 -0.128405 0 69.5947

1650 -0.13886 0 69.6411

1651 -0.149099 0 69.6879

1652 -0.159162 0 69.7349

1653 -0.168966 0 69.7823

1654 -0.178548 0 69.8301

1655 -0.187823 0 69.8782

1656 -0.196827 0 69.9268

1657 -0.205473 0 69.9758

1658 -0.213793 0 70.0253

1659 -0.221701 0 70.0752

1660 -0.229223 0 70.1257

1661 -0.236275 0 70.1767

1662 -0.242879 0 70.2284

1663 -0.24895 0 70.2806

1664 -0.254505 0 70.3334

1665 -0.259459 0 70.387

1666 -0.263828 0 70.4412

1667 -0.267523 0 70.4962

1668 -0.270557 0 70.552

1669 -0.272842 0 70.6086

1670 -0.274387 0 70.666

1671 -0.275101 0 70.7244

1672 -0.274993 0 70.7838

1673 -0.273971 0 70.8441

1674 -0.272041 0 70.9055

1675 -0.26911 0 70.9681

1676 -0.265186 0 71.0318

1677 -0.260176 0 71.0968

1678 -0.254088 0 71.163

1679 -0.246834 0 71.2306

1680 -0.238428 0 71.2997

1681 -0.228787 0 71.3702

1682 -0.217941 0 71.4421

1683 -0.205818 0 71.5157

1684 -0.192469 0 71.5908

1685 -0.177849 0 71.6675

1686 -0.162042 0 71.7458

1687 -0.14504 0 71.8256

1688 -0.126979 0 71.9067

1689 -0.107901 0 71.9893

1690 -0.0880061 0 72.0729

1691 -0.0673949 0 72.1575

1692 -0.0463279 0 72.2427

1693 -0.0249568 0 72.3283

1694 -0.00358031 0 72.4139

1695 0.0176315 0 72.4993

1696 0.0383825 0 72.5841

1697 0.0585267 0 72.668

1698 0.077812 0 72.7509

1699 0.0961472 0 72.8324

1700 0.113346 0 72.9125

1701 0.12938 0 72.9911

1702 0.144126 0 73.0681

1703 0.157609 0 73.1434

1704 0.169756 0 73.2172

1705 0.180627 0 73.2894

1706 0.190183 0 73.36

1707 0.198504 0 73.4291

1708 0.205571 0 73.4968

1709 0.211475 0 73.5632

1710 0.216207 0 73.6282

1711 0.219862 0 73.6921

1712 0.222437 0 73.7547

1713 0.224027 0 73.8163

1714 0.224629 0 73.8767

1715 0.224338 0 73.9362

1716 0.22315 0 73.9948

1717 0.221158 0 74.0525

1718 0.218356 0 74.1093

1719 0.214836 0 74.1654

1720 0.210588 0 74.2207

1721 0.205702 0 74.2753

1722 0.200165 0 74.3293

1723 0.194067 0 74.3826

1724 0.187391 0 74.4353

1725 0.180226 0 74.4874

1726 0.17255 0 74.5391

1727 0.164452 0 74.5902

1728 0.155907 0 74.6409

1729 0.147003 0 74.6911

1730 0.137712 0 74.7409

1731 0.128121 0 74.7903

1732 0.118198 0 74.8394

1733 0.108031 0 74.8881

1734 0.0975828 0 74.9365

1735 0.0869413 0 74.9846

1736 0.0760682 0 75.0325

1737 0.0650492 0 75.0802

1738 0.0538434 0 75.1276

1739 0.0425365 0 75.1749

1740 0.031085 0 75.222

1741 0.0195744 0 75.269

1742 0.00795895 0 75.3159

1743 -0.00367575 0 75.3627

1744 -0.0153769 0 75.4094

1745 -0.027059 0 75.4562

1746 -0.03877 0 75.5029

1747 -0.0504244 0 75.5497

1748 -0.0620699 0 75.5965

1749 -0.0736211 0 75.6434

1750 -0.0851248 0 75.6905

1751 -0.0964956 0 75.7377

1752 -0.107779 0 75.785

1753 -0.118888 0 75.8326

1754 -0.129868 0 75.8803

1755 -0.140631 0 75.9283

1756 -0.151218 0 75.9766

1757 -0.161544 0 76.0252

1758 -0.171645 0 76.0741

1759 -0.181436 0 76.1233

1760 -0.190951 0 76.1729

1761 -0.200103 0 76.223

1762 -0.208922 0 76.2734

1763 -0.217323 0 76.3243

1764 -0.225333 0 76.3757

1765 -0.232864 0 76.4276

1766 -0.23994 0 76.48

1767 -0.246474 0 76.533

1768 -0.252486 0 76.5867

1769 -0.257887 0 76.6409

1770 -0.262695 0 76.6959

1771 -0.26682 0 76.7515

1772 -0.270277 0 76.8079

1773 -0.272974 0 76.8651

1774 -0.274922 0 76.9232

1775 -0.276031 0 76.9821

1776 -0.276307 0 77.042

1777 -0.275659 0 77.1029

1778 -0.274092 0 77.1648

1779 -0.271514 0 77.2279

1780 -0.26793 0 77.292

1781 -0.263247 0 77.3575

1782 -0.257474 0 77.4241

1783 -0.250518 0 77.4922

1784 -0.242394 0 77.5616

1785 -0.233017 0 77.6325

1786 -0.222413 0 77.7049

1787 -0.210509 0 77.7789

1788 -0.197353 0 77.8545

1789 -0.182895 0 77.9317

1790 -0.167216 0 78.0104

1791 -0.150305 0 78.0907

1792 -0.132293 0 78.1724

1793 -0.113219 0 78.2556

1794 -0.0932782 0 78.3399

1795 -0.0725723 0 78.4252

1796 -0.0513612 0 78.5112

1797 -0.0297991 0 78.5976

1798 -0.00818965 0 78.6841

1799 0.0132903 0 78.7705

1800 0.0343359 0 78.8563

1801 0.0547918 0 78.9412

1802 0.0743962 0 79.0251

1803 0.093049 0 79.1077

1804 0.110556 0 79.1888

1805 0.126882 0 79.2684

1806 0.1419 0 79.3464

1807 0.155629 0 79.4228

1808 0.167996 0 79.4975

1809 0.179059 0 79.5706

1810 0.188776 0 79.6421

1811 0.197229 0 79.7122

1812 0.204398 0 79.7808

1813 0.210375 0 79.848

1814 0.215151 0 79.914

1815 0.218823 0 79.9787

1816 0.221387 0 80.0422

1817 0.222939 0 80.1046

1818 0.223478 0 80.1659

1819 0.223098 0 80.2263

1820 0.221797 0 80.2858

1821 0.219668 0 80.3443

1822 0.216706 0 80.4021

1823 0.213003 0 80.459

1824 0.208549 0 80.5153

1825 0.203437 0 80.5708

1826 0.197653 0 80.6257

1827 0.191288 0 80.68

1828 0.184325 0 80.7338

1829 0.176854 0 80.7869

1830 0.168854 0 80.8396

1831 0.160415 0 80.8918

1832 0.151513 0 80.9436

1833 0.142236 0 80.995

1834 0.132558 0 81.046

1835 0.122565 0 81.0966

1836 0.112229 0 81.1469

1837 0.101638 0 81.1969

1838 0.0907565 0 81.2466

1839 0.079674 0 81.296

1840 0.0683536 0 81.3453

1841 0.0568835 0 81.3943

1842 0.0452245 0 81.4432

1843 0.0334646 0 81.4919

1844 0.0215625 0 81.5405

1845 0.0096064 0 81.589

1846 -0.00244695 0 81.6374

1847 -0.0145091 0 81.6857

1848 -0.0266244 0 81.7341

1849 -0.0387045 0 81.7824

1850 -0.0507941 0 81.8308

1851 -0.0628046 0 81.8792

1852 -0.0747806 0 81.9278

1853 -0.0866335 0 81.9763

1854 -0.0984066 0 82.0251

1855 -0.110012 0 82.074

1856 -0.12149 0 82.1231

1857 -0.132754 0 82.1723

1858 -0.143842 0 82.2219

1859 -0.154667 0 82.2716

1860 -0.165265 0 82.3217

1861 -0.175548 0 82.372

1862 -0.185549 0 82.4227

1863 -0.195181 0 82.4738

1864 -0.204475 0 82.5252

1865 -0.213342 0 82.5771

1866 -0.221809 0 82.6294

1867 -0.229788 0 82.6822

1868 -0.237304 0 82.7355

1869 -0.244267 0 82.7894

1870 -0.250698 0 82.8438

1871 -0.256508 0 82.8988

1872 -0.261714 0 82.9545

1873 -0.266227 0 83.0109

1874 -0.270059 0 83.068

1875 -0.27312 0 83.1259

1876 -0.275422 0 83.1845

1877 -0.27687 0 83.2441

1878 -0.277475 0 83.3046

1879 -0.277142 0 83.366

1880 -0.275878 0 83.4285

1881 -0.273589 0 83.4921

1882 -0.270279 0 83.5568

1883 -0.265856 0 83.6227

1884 -0.260325 0 83.6899

1885 -0.253596 0 83.7585

1886 -0.24568 0 83.8284

1887 -0.236491 0 83.8998

1888 -0.226053 0 83.9727

1889 -0.214293 0 84.0472

1890 -0.201254 0 84.1233

1891 -0.186885 0 84.201

1892 -0.171265 0 84.2803

1893 -0.154379 0 84.3612

1894 -0.136357 0 84.4436

1895 -0.117236 0 84.5274

1896 -0.0972103 0 84.6124

1897 -0.0763814 0 84.6984

1898 -0.0550107 0 84.7852

1899 -0.0332565 0 84.8725

1900 -0.0114273 0 84.9599

1901 0.0102932 0 85.0471

1902 0.0315925 0 85.1338

1903 0.0523072 0 85.2197

1904 0.0721677 0 85.3045

1905 0.0910669 0 85.3881

1906 0.108805 0 85.4701

1907 0.125341 0 85.5506

1908 0.140547 0 85.6295

1909 0.154438 0 85.7067

1910 0.16694 0 85.7822

1911 0.178109 0 85.8562

1912 0.187906 0 85.9285

1913 0.196411 0 85.9994

1914 0.203606 0 86.0688

1915 0.209582 0 86.1368

1916 0.214332 0 86.2035

1917 0.217952 0 86.2689

1918 0.22044 0 86.3332

1919 0.221894 0 86.3964

1920 0.222311 0 86.4586

1921 0.221788 0 86.5197

1922 0.220322 0 86.58

1923 0.218007 0 86.6394

1924 0.214838 0 86.6979

1925 0.210909 0 86.7557

1926 0.20621 0 86.8128

1927 0.200834 0 86.8693

1928 0.194768 0 86.9251

1929 0.188103 0 86.9803

1930 0.180823 0 87.035

1931 0.173019 0 87.0892

1932 0.16467 0 87.1429

1933 0.155867 0 87.1961

1934 0.146587 0 87.2489

1935 0.136918 0 87.3014

1936 0.126836 0 87.3535

1937 0.11643 0 87.4053

1938 0.10567 0 87.4568

1939 0.094646 0 87.508

1940 0.083326 0 87.5589

1941 0.0718 0 87.6097

1942 0.0600331 0 87.6602

1943 0.0481159 0 87.7106

1944 0.0360109 0 87.7608

1945 0.0238092 0 87.8109

1946 0.0114715 0 87.861

1947 -0.000910832 0 87.9109

1948 -0.0133785 0 87.9608

1949 -0.0258399 0 88.0107

1950 -0.0383366 0 88.0606

1951 -0.0507768 0 88.1104

1952 -0.0632021 0 88.1604

1953 -0.0755208 0 88.2104

1954 -0.0877741 0 88.2605

1955 -0.0998705 0 88.3107

1956 -0.11185 0 88.3611

1957 -0.123621 0 88.4116

1958 -0.135222 0 88.4623

1959 -0.146562 0 88.5132

1960 -0.157677 0 88.5644

1961 -0.168477 0 88.6159

1962 -0.178995 0 88.6676

1963 -0.189141 0 88.7197

1964 -0.198946 0 88.7721

1965 -0.208319 0 88.8249

1966 -0.217289 0 88.8781

1967 -0.225766 0 88.9317

1968 -0.233773 0 88.9858

1969 -0.241221 0 89.0405

1970 -0.248131 0 89.0956

1971 -0.254414 0 89.1514

1972 -0.260086 0 89.2077

1973 -0.265057 0 89.2647

1974 -0.26934 0 89.3224

1975 -0.272846 0 89.3809

1976 -0.275584 0 89.4401

1977 -0.277462 0 89.5002

1978 -0.278488 0 89.5612

1979 -0.278569 0 89.6231

1980 -0.27771 0 89.686

1981 -0.275816 0 89.75

1982 -0.272893 0 89.8151

1983 -0.268846 0 89.8814

1984 -0.263682 0 89.949

1985 -0.257305 0 90.0179

1986 -0.249729 0 90.0882

1987 -0.240863 0 90.1599

1988 -0.230731 0 90.2331

1989 -0.219255 0 90.308

1990 -0.206477 0 90.3844

1991 -0.19234 0 90.4624

1992 -0.17692 0 90.5421

1993 -0.160196 0 90.6234

1994 -0.142292 0 90.7062

1995 -0.123242 0 90.7905

1996 -0.103234 0 90.876

1997 -0.0823664 0 90.9627

1998 -0.0608987 0 91.0502

1999 -0.0389896 0 91.1383

